49495     45952008
49496     61397688
49497     23456968
49498     53547240
49499    131638128
           ...    
49990     21088744
49991     86341568
49992    107708296
49993     50039616
49994    112122336
Name: bytes, Length: 500, dtype: int64
[40812098, 38203035, 48171109, 23686493, 43104839, 93502760, 70616510, 57255094, 91689148, 52528773, 37216465, 85671085, 78027010, 57575670, 98050840, 135187508, 53690386, 63223854, 46632312, 43089078, 86623212, 107896949, 146783929, 143143971, 111260812, 96329290, 181714643, 83030384, 100726520, 54776558, 31811497, 22778871, 26953455, 16373547, 41672578, 14593948, 50979866, 40852100, 75575650, 24084023, 35795661, 33976407, 26767530, 28963282, 21513873, 20306213, 55683803, 33858365, 26577997, 20301613, 30800326, 30552229, 14712507, 13237037, 17340559, 18578146, 13369523, 17267965, 98370803, 63979218, 49340869, 23636658, 60843881, 35365060, 46441589, 48505529, 71282629, 48179153, 73556045, 145948605, 49121713, 58769222, 140458966, 69245918, 67166492, 50670789, 41127754, 45006219, 49327215, 77805774, 87034695, 43968667, 42272659, 117695682, 37129030, 37375071, 53171963, 60587248, 63968460, 38839927, 14592900, 12361429, 14349662, 12906747, 12682710, 58206331, 53163701, 67295728, 20118408, 39616813, 31964755, 30745181, 67252152, 159665279, 64488213, 75612211, 103515453, 20867427, 28140821, 12187607, 26871275, 130175387, 56948639, 37318493, 46358886, 73279249, 13688262, 63138984, 90564195, 81189622, 49955805, 91229007, 129792707, 40982516, 87142826, 64276325, 44504538, 53153853, 64795543, 92441728, 57592702, 43637593, 45563706, 95185257, 96271846, 105447129, 99194753, 42150680, 28798328, 70280676, 32286758, 16072912, 34847239, 65583883, 95823363, 28374557, 20182988, 14061888, 10169911, 39493662, 16186105, 14282242, 115533538, 97452737, 42922043, 89994527, 47844099, 15793058, 19477058, 28821151, 27146242, 16003308, 15701460, 77935177, 44549487, 50315855, 34873305, 23771426, 22497801, 24865577, 79822031, 30100580, 68607211, 107315598, 69100060, 42643818, 52800860, 66424994, 43101963, 81116311, 64395618, 74022892, 79833193, 53812059, 58497742, 65539535, 35838011, 55125070, 112842588, 79972657, 38009745, 20759810, 29154918, 50741611, 103838045, 63250559, 24581754, 26099080, 39173325, 129488187, 109035355, 53276800, 43701734, 17160762, 39328434, 37815936, 11852523, 14436921, 22387140, 11745913, 25730450, 11335553, 13730287, 24970964, 35722920, 61659309, 13876471, 15046254, 42424048, 33505374, 31328450, 48739983, 54245059, 11103243, 11410209, 12657322, 15694412, 51134446, 15843194, 16459151, 55862592, 97766983, 69412955, 64265862, 74479853, 37751760, 70049040, 70856222, 94909416, 116679807, 77361062, 103926797, 66759643, 72197245, 40468994, 54945353, 67513677, 28929882, 46163725, 33307150, 59903352, 31468735, 23312564, 13798622, 33376942, 11350424, 15864593, 59367031, 57384192, 82145997, 16590653, 27700737, 29476474, 27527691, 47570700, 58986742, 22191505, 13723759, 30674445, 31087170, 22422054, 28724612, 52272166, 59734843, 40356775, 25209879, 19197691, 17865281, 16728665, 31807083, 52696519, 53658602, 49855908, 52033668, 36930343, 23338552, 97971002, 42033385, 50557242, 41056703, 46187154, 33226656, 37219973, 46949878, 59923014, 89004422, 146489583, 78559181, 68585658, 76935312, 78463445, 47048702, 99495028, 31953816, 62987409, 60017645, 36286040, 52408412, 60536314, 34159785, 23161892, 37218253, 17991778, 34317222, 55939506, 18695197, 22215800, 16252864, 12643776, 14127083, 29964601, 11841195, 10883246, 23524303, 17260219, 10629453, 15746758, 10712016, 17047512, 47078875, 25756813, 37491056, 10833848, 11244181, 15339801, 19173896, 67523247, 49017301, 142569354, 114191270, 68032345, 84683297, 88121737, 61167855, 69890513, 130536102, 72113188, 46580019, 54011584, 74984148, 80899773, 161812932, 167374343, 38681394, 191024564, 138705059, 145525900, 92726054, 133595091, 87520912, 101110549, 72696892, 130778578, 41229961, 42772982, 79981027, 37780729, 49018278, 95317386, 117388950, 98993079, 17193199, 93283556, 92964892, 49644303, 32071261, 12611526, 24859551, 68962407, 13292535, 27387209, 14155663, 26592201, 68248424, 29276109, 13489837, 16889627, 11362148, 36779578, 40517086, 17967100, 84618285, 46120179, 21853734, 13601872, 12920269, 70239547, 75382540, 69497314, 68046099, 116182729, 83282265, 90788667, 85414245, 45128503, 78967052, 52108027, 70497809, 164875908, 82823927, 46426582, 80787323, 154409480, 113152394, 79100726, 126361888, 86978154, 77622561, 37083398, 52324101, 65163372, 39174876, 84302692, 90129439, 55397229, 58477269, 44318921, 66124827, 26710821, 25654202, 25856485, 28548432, 31693475, 27623691, 24494921, 21854951, 31060892, 18169247, 28988436, 24693963, 48659157, 112007114, 117251040, 45297842, 84750157, 24675550, 44742534, 87635092, 55577290, 39067318, 21378021, 17450871, 20151732, 17179275, 34794753, 48921894, 89357259, 55007377, 73501957, 149102668, 135086256, 97149471, 52903350, 75543295, 49823999, 96099952, 60914965, 124414914, 50645620, 32203051, 47047394, 52750729, 45064595, 55713073, 121911950, 47830492, 81927237, 62765933, 60301463, 33505595, 87047826, 53678154, 75429413, 47797609, 49679416, 26196381, 29139635, 27424666, 44466039, 12069935, 13980436, 19288590, 50089216, 101061570, 107000866, 115447208, 22317146, 64537939, 78365548, 41050435]
Tempo de execução:-5.0 mins